Pos	M       L       G       R       i       o      AA
1	0.091   0.236   0.918   0.109   0.480   0.510   M
2	0.091   0.209   0.964   0.109   0.480   0.520   A
3	0.091   0.236   0.955   0.100   0.340   0.660   P
4	0.091   0.282   0.936   0.100   0.180   0.810   A
5	0.100   0.200   0.827   0.100   0.160   0.830   A
6	0.100   0.391   0.745   0.109   0.170   0.830   D
7	0.091   0.364   0.800   0.100   0.160   0.840   R
8	0.091   0.209   0.700   0.100   0.190   0.800   E
9	0.091   0.182   0.691   0.118   0.260   0.740   G
10	0.091   0.191   0.655   0.118   0.280   0.710   Y
11	0.091   0.136   0.673   0.182   0.270   0.730   W
12	0.091   0.164   0.609   0.218   0.380   0.610   G
13	0.091   0.173   0.518   0.164   0.460   0.540   P
14	0.091   0.245   0.418   0.109   0.550   0.440   T
15	0.091   0.327   0.382   0.118   0.530   0.460   T
16	0.100   0.427   0.382   0.118   0.350   0.640   S
17	0.100   0.400   0.391   0.145   0.360   0.630   T
18	0.100   0.609   0.400   0.155   0.350   0.650   L
19	0.091   0.373   0.473   0.100   0.370   0.630   D
20	0.091   0.509   0.573   0.100   0.360   0.630   W
21	0.091   0.345   0.509   0.091   0.420   0.570   C
22	0.091   0.373   0.700   0.109   0.440   0.550   E
23	0.091   0.500   0.755   0.109   0.390   0.610   E
24	0.091   0.545   0.636   0.155   0.400   0.590   N
25	0.091   0.591   0.627   0.491   0.390   0.600   Y
26	0.091   0.227   0.891   0.164   0.360   0.630   S
27	0.100   0.200   0.727   0.218   0.340   0.650   V
28	0.100   0.191   0.382   0.345   0.290   0.710   T
29	0.145   0.327   0.218   0.227   0.210   0.780   W
30	0.218   0.218   0.136   0.545   0.190   0.800   Y
31	0.273   0.245   0.118   0.418   0.160   0.840   I
32	0.264   0.227   0.118   0.500   0.140   0.860   A
33	0.373   0.373   0.145   0.200   0.140   0.860   E
34	0.527   0.455   0.136   0.500   0.150   0.850   F
35	0.582   0.764   0.100   0.445   0.170   0.830   W
36	0.536   0.655   0.109   0.173   0.200   0.810   N
37	0.782   0.545   0.091   0.218   0.200   0.800   T
38	0.973   0.518   0.091   0.436   0.220   0.790   V
39	0.982   0.609   0.091   0.409   0.240   0.760   S
40	0.973   0.736   0.091   0.509   0.260   0.740   N
41	0.973   0.418   0.100   0.382   0.290   0.710   L
42	0.982   0.164   0.091   0.173   0.320   0.680   I
43	0.982   0.127   0.091   0.227   0.330   0.670   M
44	0.982   0.164   0.091   0.227   0.370   0.640   I
45	0.873   0.264   0.091   0.373   0.410   0.590   I
46	0.473   0.200   0.091   0.236   0.430   0.570   P
47	0.309   0.100   0.091   0.200   0.510   0.490   P
48	0.345   0.355   0.091   0.209   0.550   0.450   M
49	0.300   0.482   0.091   0.564   0.570   0.420   F
50	0.264   0.664   0.100   0.536   0.630   0.360   G
51	0.218   0.645   0.100   0.609   0.640   0.350   A
52	0.173   0.727   0.100   0.536   0.680   0.320   V
53	0.173   0.700   0.109   0.291   0.740   0.260   Q
54	0.236   0.755   0.164   0.327   0.820   0.180   S
55	0.191   0.700   0.200   0.436   0.850   0.150   V
56	0.127   0.745   0.136   0.318   0.840   0.150   R
57	0.109   0.818   0.109   0.282   0.880   0.120   D
58	0.118   0.827   0.109   0.318   0.880   0.110   G
59	0.155   0.855   0.109   0.555   0.890   0.110   L
60	0.145   0.836   0.100   0.564   0.900   0.090   E
61	0.409   0.755   0.091   0.645   0.900   0.090   K
62	0.791   0.691   0.091   0.791   0.910   0.090   R
63	0.909   0.727   0.091   0.791   0.910   0.090   Y
64	0.982   0.682   0.091   0.800   0.900   0.090   I
65	0.991   0.391   0.091   0.700   0.890   0.100   A
66	0.991   0.209   0.091   0.373   0.890   0.110   S
67	0.991   0.164   0.091   0.255   0.880   0.120   Y
68	1.000   0.118   0.091   0.182   0.870   0.120   L
69	1.000   0.118   0.091   0.109   0.860   0.130   A
70	1.000   0.100   0.091   0.109   0.840   0.150   L
71	1.000   0.100   0.091   0.100   0.820   0.170   T
72	1.000   0.100   0.091   0.100   0.790   0.200   V
73	1.000   0.100   0.091   0.091   0.750   0.240   V
74	1.000   0.100   0.091   0.100   0.710   0.280   G
75	1.000   0.100   0.091   0.100   0.690   0.300   M
76	1.000   0.109   0.091   0.136   0.670   0.330   G
77	1.000   0.127   0.091   0.218   0.630   0.370   S
78	1.000   0.191   0.091   0.255   0.580   0.420   W
79	1.000   0.164   0.091   0.364   0.500   0.500   C
80	0.982   0.318   0.091   0.427   0.460   0.540   F
81	0.882   0.645   0.091   0.573   0.450   0.540   H
82	0.582   0.709   0.091   0.500   0.370   0.630   M
83	0.455   0.700   0.091   0.400   0.320   0.680   T
84	0.345   0.727   0.100   0.536   0.340   0.660   L
85	0.191   0.809   0.155   0.436   0.330   0.670   K
86	0.136   0.764   0.245   0.482   0.350   0.650   Y
87	0.127   0.673   0.264   0.400   0.320   0.680   E
88	0.109   0.791   0.318   0.309   0.270   0.730   M
89	0.109   0.918   0.400   0.418   0.280   0.720   Q
90	0.136   0.891   0.373   0.455   0.340   0.660   L
91	0.209   0.673   0.273   0.491   0.320   0.680   L
92	0.309   0.727   0.273   0.455   0.320   0.680   D
93	0.300   0.691   0.227   0.545   0.320   0.680   E
94	0.236   0.800   0.191   0.591   0.330   0.670   L
95	0.218   0.700   0.155   0.618   0.330   0.670   P
96	0.200   0.364   0.118   0.373   0.320   0.670   M
97	0.182   0.218   0.100   0.300   0.330   0.670   I
98	0.200   0.209   0.091   0.200   0.320   0.680   Y
99	0.645   0.136   0.091   0.155   0.330   0.670   S
100	0.827   0.136   0.091   0.145   0.340   0.660   C
101	0.755   0.155   0.091   0.155   0.360   0.640   C
102	0.673   0.136   0.091   0.200   0.370   0.630   I
103	0.545   0.236   0.091   0.200   0.370   0.630   F
104	0.564   0.391   0.091   0.309   0.410   0.580   V
105	0.445   0.564   0.091   0.409   0.460   0.540   Y
106	0.436   0.536   0.091   0.345   0.520   0.480   C
107	0.382   0.655   0.091   0.545   0.560   0.430   M
108	0.282   0.718   0.100   0.627   0.600   0.390   F
109	0.200   0.791   0.100   0.455   0.640   0.360   E
110	0.164   0.782   0.109   0.473   0.690   0.300   C
111	0.164   0.745   0.118   0.409   0.720   0.270   F
112	0.155   0.827   0.118   0.282   0.740   0.250   K
113	0.164   0.818   0.127   0.291   0.800   0.190   I
114	0.136   0.836   0.118   0.327   0.820   0.170   K
115	0.109   0.873   0.109   0.418   0.840   0.150   N
116	0.118   0.918   0.109   0.545   0.860   0.130   S
117	0.409   0.855   0.109   0.636   0.870   0.130   V
118	0.691   0.836   0.100   0.673   0.870   0.130   N
119	0.845   0.855   0.091   0.818   0.860   0.130   Y
120	0.936   0.818   0.091   0.791   0.870   0.120   H
121	0.955   0.718   0.091   0.782   0.870   0.130   L
122	0.973   0.309   0.091   0.618   0.870   0.120   L
123	0.982   0.136   0.091   0.491   0.870   0.120   F
124	0.982   0.118   0.091   0.191   0.870   0.120   T
125	0.982   0.109   0.091   0.136   0.860   0.130   L
126	0.991   0.100   0.091   0.109   0.840   0.150   V
127	0.991   0.100   0.091   0.100   0.830   0.160   L
128	0.991   0.100   0.091   0.100   0.820   0.170   F
129	0.991   0.100   0.091   0.100   0.800   0.190   S
130	0.991   0.100   0.091   0.109   0.790   0.200   L
131	0.982   0.100   0.100   0.109   0.780   0.210   I
132	0.964   0.100   0.100   0.118   0.750   0.250   V
133	0.936   0.136   0.100   0.191   0.710   0.280   T
134	0.945   0.191   0.100   0.291   0.650   0.340   T
135	0.936   0.282   0.100   0.445   0.580   0.410   V
136	0.800   0.564   0.100   0.564   0.490   0.510   Y
137	0.755   0.627   0.100   0.600   0.440   0.560   L
138	0.727   0.627   0.100   0.591   0.370   0.630   K
139	0.527   0.655   0.091   0.600   0.330   0.670   V
140	0.291   0.764   0.091   0.500   0.310   0.690   K
141	0.173   0.709   0.091   0.491   0.290   0.710   E
142	0.155   0.682   0.091   0.464   0.290   0.710   P
143	0.191   0.518   0.091   0.545   0.290   0.710   I
144	0.327   0.500   0.091   0.573   0.280   0.720   F
145	0.391   0.536   0.091   0.518   0.270   0.730   H
146	0.791   0.318   0.091   0.436   0.270   0.730   Q
147	0.945   0.209   0.091   0.309   0.270   0.730   V
148	0.955   0.145   0.091   0.264   0.310   0.690   M
149	0.982   0.173   0.091   0.209   0.320   0.680   Y
150	0.991   0.136   0.091   0.182   0.360   0.640   G
151	1.000   0.136   0.091   0.127   0.350   0.650   M
152	1.000   0.127   0.091   0.127   0.380   0.620   L
153	1.000   0.118   0.091   0.127   0.420   0.580   V
154	0.991   0.136   0.091   0.118   0.470   0.530   F
155	0.991   0.136   0.091   0.127   0.500   0.500   T
156	0.982   0.164   0.091   0.218   0.520   0.480   L
157	0.936   0.318   0.100   0.373   0.580   0.410   V
158	0.882   0.373   0.100   0.527   0.640   0.350   L
159	0.882   0.500   0.100   0.545   0.700   0.290   R
160	0.836   0.536   0.100   0.564   0.750   0.240   S
161	0.782   0.573   0.100   0.600   0.790   0.200   I
162	0.555   0.627   0.100   0.555   0.810   0.180   Y
163	0.255   0.627   0.100   0.491   0.850   0.140   I
164	0.127   0.636   0.127   0.300   0.880   0.110   V
165	0.100   0.609   0.200   0.255   0.890   0.100   T
166	0.100   0.609   0.173   0.191   0.900   0.100   W
167	0.100   0.627   0.136   0.182   0.900   0.100   V
168	0.127   0.727   0.127   0.236   0.910   0.090   Y
169	0.127   0.782   0.127   0.273   0.910   0.080   P
170	0.209   0.791   0.127   0.364   0.920   0.080   W
171	0.282   0.736   0.127   0.600   0.920   0.070   L
172	0.564   0.727   0.100   0.536   0.920   0.070   R
173	0.882   0.818   0.091   0.736   0.920   0.070   G
174	0.964   0.718   0.091   0.691   0.920   0.070   L
175	0.982   0.673   0.091   0.564   0.920   0.070   G
176	0.982   0.600   0.091   0.564   0.920   0.080   Y
177	0.991   0.336   0.091   0.436   0.920   0.080   T
178	0.991   0.127   0.091   0.164   0.910   0.080   S
179	1.000   0.100   0.091   0.109   0.910   0.090   L
180	1.000   0.091   0.091   0.100   0.890   0.100   G
181	1.000   0.100   0.091   0.127   0.880   0.120   I
182	1.000   0.100   0.091   0.109   0.840   0.150   F
183	1.000   0.100   0.091   0.100   0.820   0.170   L
184	1.000   0.118   0.091   0.118   0.790   0.200   L
185	1.000   0.127   0.091   0.209   0.760   0.230   G
186	1.000   0.109   0.091   0.200   0.690   0.300   F
187	1.000   0.173   0.091   0.245   0.590   0.400   L
188	1.000   0.200   0.091   0.282   0.530   0.470   F
189	1.000   0.445   0.091   0.209   0.410   0.580   W
190	0.991   0.273   0.091   0.236   0.370   0.630   N
191	0.964   0.418   0.100   0.182   0.360   0.640   I
192	0.836   0.691   0.100   0.336   0.370   0.630   D
193	0.727   0.882   0.091   0.682   0.400   0.590   N
194	0.545   0.873   0.100   0.555   0.460   0.540   I
195	0.373   0.764   0.100   0.345   0.510   0.480   F
196	0.155   0.727   0.118   0.318   0.550   0.450   C
197	0.136   0.773   0.136   0.327   0.540   0.450   E
198	0.127   0.736   0.136   0.236   0.600   0.400   S
199	0.100   0.736   0.136   0.518   0.630   0.360   L
200	0.091   0.864   0.173   0.418   0.660   0.330   R
201	0.091   0.800   0.227   0.309   0.760   0.240   N
202	0.091   0.827   0.227   0.364   0.810   0.190   F
203	0.100   0.618   0.155   0.436   0.810   0.180   R
204	0.109   0.509   0.118   0.182   0.850   0.140   K
205	0.109   0.491   0.109   0.182   0.870   0.120   K
206	0.118   0.536   0.109   0.191   0.870   0.120   V
207	0.118   0.636   0.127   0.409   0.890   0.110   P
208	0.118   0.673   0.136   0.482   0.890   0.110   P
209	0.118   0.618   0.145   0.482   0.880   0.110   I
210	0.136   0.818   0.118   0.518   0.870   0.120   I
211	0.209   0.645   0.091   0.336   0.870   0.120   G
212	0.245   0.773   0.091   0.536   0.870   0.120   I
213	0.209   0.873   0.091   0.627   0.860   0.130   T
214	0.245   0.700   0.091   0.636   0.860   0.140   T
215	0.382   0.318   0.091   0.409   0.850   0.140   Q
216	0.791   0.245   0.091   0.582   0.850   0.140   F
217	0.873   0.191   0.091   0.409   0.800   0.190   H
218	0.909   0.364   0.091   0.391   0.660   0.330   A
219	0.982   0.164   0.091   0.336   0.490   0.510   W
220	0.991   0.136   0.091   0.227   0.310   0.680   W
221	1.000   0.145   0.091   0.218   0.230   0.770   H
222	1.000   0.127   0.091   0.173   0.200   0.800   I
223	1.000   0.100   0.091   0.109   0.190   0.810   L
224	1.000   0.109   0.091   0.118   0.190   0.810   T
225	1.000   0.100   0.091   0.100   0.200   0.800   G
226	1.000   0.100   0.091   0.100   0.180   0.820   L
227	1.000   0.100   0.091   0.100   0.150   0.850   G
228	1.000   0.100   0.091   0.109   0.150   0.850   S
229	1.000   0.164   0.091   0.209   0.150   0.860   Y
230	0.991   0.155   0.091   0.282   0.150   0.850   L
231	0.936   0.155   0.091   0.182   0.160   0.840   H
232	0.882   0.109   0.091   0.273   0.170   0.830   I
233	0.818   0.164   0.091   0.309   0.190   0.820   L
234	0.764   0.273   0.091   0.455   0.220   0.780   F
235	0.682   0.673   0.091   0.709   0.300   0.710   S
236	0.545   0.709   0.091   0.755   0.380   0.620   L
237	0.518   0.755   0.100   0.755   0.530   0.470   Y
238	0.255   0.755   0.100   0.700   0.680   0.320   T
239	0.164   0.745   0.109   0.655   0.710   0.290   R
240	0.136   0.709   0.109   0.600   0.700   0.300   T
241	0.109   0.627   0.118   0.300   0.690   0.310   L
242	0.100   0.745   0.145   0.309   0.530   0.470   Y
243	0.100   0.727   0.155   0.191   0.560   0.440   L
244	0.100   0.636   0.227   0.173   0.590   0.410   R
245	0.091   0.582   0.245   0.227   0.650   0.350   Y
246	0.091   0.609   0.273   0.209   0.750   0.240   R
247	0.091   0.573   0.309   0.264   0.790   0.200   P
248	0.091   0.527   0.336   0.300   0.820   0.180   K
249	0.091   0.564   0.391   0.382   0.840   0.160   V
250	0.091   0.582   0.491   0.336   0.860   0.130   K
251	0.091   0.482   0.464   0.364   0.870   0.120   F
252	0.091   0.509   0.364   0.345   0.890   0.100   L
253	0.091   0.509   0.364   0.345   0.910   0.080   F
254	0.091   0.445   0.318   0.309   0.920   0.080   G
255	0.091   0.373   0.318   0.391   0.920   0.080   I
256	0.091   0.436   0.409   0.373   0.920   0.080   W
257	0.091   0.382   0.500   0.345   0.920   0.080   P
258	0.091   0.355   0.600   0.227   0.920   0.070   V
259	0.091   0.427   0.664   0.209   0.930   0.070   I
260	0.100   0.373   0.700   0.218   0.930   0.070   L
261	0.109   0.300   0.727   0.136   0.930   0.070   F
262	0.127   0.327   0.691   0.109   0.930   0.070   E
263	0.145   0.273   0.555   0.109   0.920   0.070   P
264	0.273   0.291   0.436   0.109   0.910   0.080   L
265	0.500   0.264   0.400   0.109   0.890   0.100   R
266	0.618   0.227   0.582   0.100   0.860   0.130   K
267	0.709   0.291   0.700   0.100   0.870   0.130   H

